0000
0010
0020
0030
0000
0040
0000
0030
0020
0010
0000
0000
0010
0020
0030
0000
0040
0000
0030
0020
0010
0000
0000
0010
0020
0030
0000
0040
0000
0030
0020
0010
0000
0000
0010
0020
0030
0000
0040
0000
0030
0020
0010
0000
0000
0010
0020
0030
0000
0040
0000
0030
0020
0010
0000
0000
0010
0020
0030
0000
0040
0000
0030
0020
0010
0000
0000
0010
0020
0030
0000
0040
0000
0030
0020
0010
0000
0000
0010
0020
0030
0000
0040
0000
0030
0020
0010
0000
0000
0010
0020
0030
0000
0040
0000
0030
0020
0010
0000
0000
0010
0020
0030
0000
0040
0000
0030
0020
0010
0000
0000
0010
0020
0030
0000
0040
0000
0030
0020
0010
0000
0000
0010
0020
0030
0000
0040
0000
0030
0020
0010
0000
0000
0010
0020
0030
0000
0040
0000
0030
0020
0010
0000
0000
0010
0020
0030
0000
0040
0000
0030
0020
0010
0000
0000
0010
0020
0030
0000
0040
0000
0030
0020
0010
0000
0000
0010
0020
0030
0000
0040
0000
0030
0020
0010
0000
0000
0010
0020
0030
0000
0040
0000
0030
0020
0010
0000
0000
0010
0020
0030
0000
0040
0000
0030
0020
0010
0000
0000
0010
0020
0030
0000
0040
0000
0030
0020
0010
0000
0000
0010
0020
0030
0000
0040
0000
0030
0020
0010
0000
0000
0010
0020
0030
0000
0040
0000
0030
0020
0010
0000
0000
0010
0020
0030
0000
0040
0000
0030
0020
0010
0000
0000
0010
0020
0030
0000
0040
0000
0030
0020
0010
0000
0000
0010
0020
0030
0000
0040
0000
0030
0020
0010
0000
0000
0010
0020
0030
0000
0040
0000
0030
0020
0010
0000
0000
0010
0020
0030
0000
0040
0000
0030
0020
0010
0000
0000
0010
0020
0030
0000
0040
0000
0030
0020
0010
0000
